/etuhome/ggroup20/project/POPC/MATRIX


/usr/bin:/bin:/opt/popc//bin:/opt/popc//sbin
/etuhome/ggroup20/project/POPC/MATRIX

POP-C++: mainpopc has started with 4 tasks.
Initializing arrays...

Parameters are:
Matrix Size=200, Blocs (lines=2, columns=2), Workers=4, Cores=4

POP-C++: Starting standard Matrix multiplication program...

Times (init, send and computing) = 2.77, 0.0181, 0.0461 sec

...End of matrix multiplication

A[200x200]:
  19.3   14.9    6.7    7.0   26.3   24.9   15.0   10.7 ..   14.7
   5.7   18.1    3.3    0.7   26.0   25.3   18.6   19.1 ..   15.4
   5.3   16.6    8.0    5.6   26.3   14.6   12.4   26.9 ..   28.1
   4.7   11.4   24.7    3.6   25.1   21.4    6.7   27.0 ..   18.0
  11.3   23.6    5.3   15.1   24.1   26.7   12.1   14.1 ..   19.3
   8.4    8.1   22.6    9.4    9.0   10.6   18.6   28.0 ..   27.4
   9.3   13.1    3.1   18.9   24.1    9.4    8.0   25.3 ..   23.1
  14.6   11.1   18.4   27.0   24.3   22.7   24.4    8.1 ..    3.4
    ...  ...  ...
  12.6   24.3    6.6   22.4    0.9   13.0   22.3    0.4 ..   22.3
-----------------------
B[200x200]:
  19.3    5.7    5.3    4.7   11.3    8.4    9.3   14.6 ..   12.6
  14.9   18.1   16.6   11.4   23.6    8.1   13.1   11.1 ..   24.3
   6.7    3.3    8.0   24.7    5.3   22.6    3.1   18.4 ..    6.6
   7.0    0.7    5.6    3.6   15.1    9.4   18.9   27.0 ..   22.4
  26.3   26.0   26.3   25.1   24.1    9.0   24.1   24.3 ..    0.9
  24.9   25.3   14.6   21.4   26.7   10.6    9.4   22.7 ..   13.0
  15.0   18.6   12.4    6.7   12.1   18.6    8.0   24.4 ..   22.3
  10.7   19.1   26.9   27.0   14.1   28.0   25.3    8.1 ..    0.4
    ...  ...  ...
  14.7   15.4   28.1   18.0   19.3   27.4   23.1    3.4 ..   22.3
-----------------------
C[200x200]=A*B:
59739.0 40150.5 45476.2 40811.9 40587.3 44916.7 44628.5 43471.6 .. 43120.9
40150.5 50161.9 43100.7 37591.1 38474.2 39135.9 41140.1 40865.0 .. 39125.4
45476.2 43100.7 58776.0 39906.0 39457.7 42724.9 45690.6 41360.9 .. 43750.0
40811.9 37591.1 39906.0 49461.2 35461.6 39524.4 39877.3 38053.7 .. 39280.7
40587.3 38474.2 39457.7 35461.6 48972.3 38921.2 39756.6 38597.3 .. 38947.1
44916.7 39135.9 42724.9 39524.4 38921.2 53336.5 42785.4 40915.0 .. 41610.4
44628.5 41140.1 45690.6 39877.3 39756.6 42785.4 56258.0 41800.0 .. 44144.9
43471.6 40865.0 41360.9 38053.7 38597.3 40915.0 41800.0 56123.9 .. 41241.2
    ...  ...  ...
43120.9 39125.4 43750.0 39280.7 38947.1 41610.4 44144.9 41241.2 .. 56067.9
-----------------------

POP-C++: mainpopc has started with 4 tasks.
Initializing arrays...

Parameters are:
Matrix Size=200, Blocs (lines=2, columns=2), Workers=4, Cores=4

POP-C++: Starting standard Matrix multiplication program...

Times (init, send and computing) = 2.6, 0.0194, 0.0471 sec

...End of matrix multiplication

A[200x200]:
   8.3    5.1    5.3   19.9    6.9    2.6   21.0   25.4 ..   26.4
  24.0   13.4   13.9   10.7   19.7   21.6   18.7    0.4 ..    5.0
   1.4    2.1    8.1   12.4   16.3    5.7    8.3    9.9 ..   11.4
   2.4   24.7    4.9   12.6   23.6   20.0   25.0    6.4 ..   22.6
   3.4    8.4    8.9   20.6   23.1   11.9   20.3   20.9 ..    3.4
   3.6   12.9   27.6   28.3   10.9   12.6    2.7    5.9 ..   23.7
  26.4    6.3   19.0    0.3    9.3    5.1   11.4   14.3 ..   19.1
   1.0   23.6   25.7   15.9    0.9    1.6    8.9   19.7 ..   19.4
    ...  ...  ...
   1.9    6.7    5.7   24.9   24.1   17.6    0.1   24.6 ..   19.9
-----------------------
B[200x200]:
   8.3   24.0    1.4    2.4    3.4    3.6   26.4    1.0 ..    1.9
   5.1   13.4    2.1   24.7    8.4   12.9    6.3   23.6 ..    6.7
   5.3   13.9    8.1    4.9    8.9   27.6   19.0   25.7 ..    5.7
  19.9   10.7   12.4   12.6   20.6   28.3    0.3   15.9 ..   24.9
   6.9   19.7   16.3   23.6   23.1   10.9    9.3    0.9 ..   24.1
   2.6   21.6    5.7   20.0   11.9   12.6    5.1    1.6 ..   17.6
  21.0   18.7    8.3   25.0   20.3    2.7   11.4    8.9 ..    0.1
  25.4    0.4    9.9    6.4   20.9    5.9   14.3   19.7 ..   24.6
    ...  ...  ...
  26.4    5.0   11.4   22.6    3.4   23.7   19.1   19.4 ..   19.9
-----------------------
C[200x200]=A*B:
46623.1 33530.6 34954.6 38542.0 36310.1 36623.6 34816.0 39521.2 .. 35879.6
33530.6 48207.6 33647.5 40380.6 37101.2 39635.7 36359.3 39579.1 .. 36088.5
34954.6 33647.5 49999.0 36533.5 37603.1 37044.7 36667.0 40248.7 .. 38287.3
38542.0 40380.6 36533.5 55046.2 40442.0 41095.0 38553.9 43740.4 .. 41274.6
36310.1 37101.2 37603.1 40442.0 50031.9 37735.5 36798.3 39701.5 .. 39059.1
36623.6 39635.7 37044.7 41095.0 37735.5 54856.0 38318.2 40975.3 .. 39733.3
34816.0 36359.3 36667.0 38553.9 36798.3 38318.2 52834.3 40224.9 .. 38408.2
39521.2 39579.1 40248.7 43740.4 39701.5 40975.3 40224.9 57684.7 .. 40599.9
    ...  ...  ...
35879.6 36088.5 38287.3 41274.6 39059.1 39733.3 38408.2 40599.9 .. 52387.0
-----------------------

POP-C++: mainpopc has started with 2 tasks.
Initializing arrays...

Parameters are:
Matrix Size=100, Blocs (lines=1, columns=2), Workers=2, Cores=4

POP-C++: Starting standard Matrix multiplication program...

Times (init, send and computing) = 1.26, 0.00153, 0.0441 sec

...End of matrix multiplication

A[100x100]:
   3.3   21.1   15.7    9.9   18.0    9.9   24.9    4.7 ..    5.4
  21.7    3.9    4.9    0.6   20.7    6.0   28.1   23.3 ..   13.7
  11.4   23.3    4.9   23.3   13.9   23.4    1.4   22.7 ..   17.7
  22.3    1.3   18.4    9.9   23.6   16.4    7.3   27.4 ..   13.3
  20.3    7.1   23.7   26.0    3.6   28.4    0.0    0.7 ..   26.1
  19.7   26.4   18.3    0.3    4.6   28.3    4.7    8.7 ..   28.4
  27.7    9.4   27.4   28.1    2.0    7.3    0.6    4.9 ..   18.3
   5.1   19.6   11.9   24.3    9.7    3.3   16.9    4.7 ..   10.9
    ...  ...  ...
  11.3   16.0   12.4   22.9   26.6    2.9    0.4   27.6 ..   14.9
-----------------------
B[100x100]:
   3.3   21.7   11.4   22.3   20.3   19.7   27.7    5.1 ..   11.3
  21.1    3.9   23.3    1.3    7.1   26.4    9.4   19.6 ..   16.0
  15.7    4.9    4.9   18.4   23.7   18.3   27.4   11.9 ..   12.4
   9.9    0.6   23.3    9.9   26.0    0.3   28.1   24.3 ..   22.9
  18.0   20.7   13.9   23.6    3.6    4.6    2.0    9.7 ..   26.6
   9.9    6.0   23.4   16.4   28.4   28.3    7.3    3.3 ..    2.9
  24.9   28.1    1.4    7.3    0.0    4.7    0.6   16.9 ..    0.4
   4.7   23.3   22.7   27.4    0.7    8.7    4.9    4.7 ..   27.6
    ...  ...  ...
   5.4   13.7   17.7   13.3   26.1   28.4   18.3   10.9 ..   14.9
-----------------------
C[100x100]=A*B:
25935.3 20484.0 20265.9 21127.5 19629.6 19019.5 21122.8 20308.6 .. 19321.2
20484.0 29681.4 21971.5 20096.7 19041.4 21784.6 22305.3 22329.8 .. 21111.9
20265.9 21971.5 28485.8 20367.0 20909.2 21332.6 21823.2 21006.1 .. 20755.9
21127.5 20096.7 20367.0 24984.5 19407.8 18621.2 20283.6 18747.2 .. 18457.0
19629.6 19041.4 20909.2 19407.8 26562.3 21231.2 21759.4 19264.2 .. 19380.7
19019.5 21784.6 21332.6 18621.2 21231.2 27884.6 22025.1 21162.2 .. 20488.9
21122.8 22305.3 21823.2 20283.6 21759.4 22025.1 31663.7 21765.7 .. 20479.2
20308.6 22329.8 21006.1 18747.2 19264.2 21162.2 21765.7 28408.9 .. 19169.2
    ...  ...  ...
19321.2 21111.9 20755.9 18457.0 19380.7 20488.9 20479.2 19169.2 .. 26178.5
-----------------------

POP-C++: mainpopc has started with 2 tasks.
Initializing arrays...

Parameters are:
Matrix Size=100, Blocs (lines=1, columns=2), Workers=2, Cores=4

POP-C++: Starting standard Matrix multiplication program...

Times (init, send and computing) = 1.26, 0.00244, 0.0439 sec

...End of matrix multiplication

A[100x100]:
  28.0   26.3    8.0   11.3    3.7    4.9   22.0   26.4 ..    3.1
  12.9   24.1    5.6   22.3    4.7    9.0   28.4    1.1 ..   19.3
  11.6   20.3   27.9   17.0   15.3    7.0    3.4    7.9 ..   27.9
  14.4   11.9    6.0    4.7   16.6    2.1   27.1   15.6 ..   18.4
  27.0    3.6   14.6   13.0    6.4   24.9    8.0   11.7 ..   24.7
  16.3   10.6    8.3    4.4    4.3   14.0   16.7   23.1 ..   27.4
  28.4    8.0    9.0    2.0   25.4   16.1    1.3   24.9 ..   15.6
  26.0   11.7    7.1   16.3   19.9    9.3    2.9    3.9 ..    0.6
    ...  ...  ...
  10.7   18.0   22.6   26.1   19.6   12.1   16.0   14.0 ..    8.4
-----------------------
B[100x100]:
  28.0   12.9   11.6   14.4   27.0   16.3   28.4   26.0 ..   10.7
  26.3   24.1   20.3   11.9    3.6   10.6    8.0   11.7 ..   18.0
   8.0    5.6   27.9    6.0   14.6    8.3    9.0    7.1 ..   22.6
  11.3   22.3   17.0    4.7   13.0    4.4    2.0   16.3 ..   26.1
   3.7    4.7   15.3   16.6    6.4    4.3   25.4   19.9 ..   19.6
   4.9    9.0    7.0    2.1   24.9   14.0   16.1    9.3 ..   12.1
  22.0   28.4    3.4   27.1    8.0   16.7    1.3    2.9 ..   16.0
  26.4    1.1    7.9   15.6   11.7   23.1   24.9    3.9 ..   14.0
    ...  ...  ...
   3.1   19.3   27.9   18.4   24.7   27.4   15.6    0.6 ..    8.4
-----------------------
C[100x100]=A*B:
26871.9 18823.3 19329.8 19129.5 19193.7 18992.5 19839.1 20899.9 .. 20935.5
18823.3 22613.3 18659.8 18143.1 18986.3 17488.1 18357.2 20023.6 .. 18237.1
19329.8 18659.8 27620.6 19649.6 21299.6 18842.7 19471.1 22147.2 .. 22092.7
19129.5 18143.1 19649.6 25363.2 19956.4 19275.9 19675.1 21365.9 .. 18755.2
19193.7 18986.3 21299.6 19956.4 27633.4 18935.2 21942.5 22295.8 .. 20673.0
18992.5 17488.1 18842.7 19275.9 18935.2 25024.9 19832.0 19026.3 .. 18519.4
19839.1 18357.2 19471.1 19675.1 21942.5 19832.0 27866.3 19949.6 .. 20419.2
20899.9 20023.6 22147.2 21365.9 22295.8 19026.3 19949.6 28145.6 .. 21085.9
    ...  ...  ...
20935.5 18237.1 22092.7 18755.2 20673.0 18519.4 20419.2 21085.9 .. 26933.5
-----------------------

/usr/bin:/bin:/opt/popc//bin:/opt/popc//sbin
/etuhome/ggroup20/project/POPC/MATRIX

POP-C++: mainpopc has started with 10 tasks.
Initializing arrays...

Parameters are:
Matrix Size=6240, Blocs (lines=5, columns=2), Workers=10, Cores=4

POP-C++: Starting standard Matrix multiplication program...

Times (init, send and computing) = 17.1, 17.9, 24.1 sec

...End of matrix multiplication

A[6240x6240]:
  12.1   13.1   14.3    3.3   22.3    8.7    2.9    3.4 ..    0.6
  12.0   24.3    2.6   11.6   22.4    2.9   19.4    4.4 ..   25.3
  25.3    6.1   21.7   27.0   13.9   26.7    2.6   27.7 ..   24.1
  13.6   20.1   22.7   28.0    5.0   24.1   14.0    1.7 ..   13.7
   3.0    3.7   13.6   17.0    1.4    9.1   15.3   24.9 ..   22.0
  11.0   24.9    3.6   18.3    4.9   16.7   12.6   27.4 ..    4.1
  16.9   17.7   13.6   17.3   11.4   10.7   17.7   22.0 ..   20.3
   4.9   11.3   26.3   23.1    4.7   12.6    7.9   21.4 ..   17.1
    ...  ...  ...
  10.4   11.0   17.1   12.7   15.3   28.0   27.9   26.7 ..   21.9
-----------------------
B[6240x6240]:
  21.9   26.0    7.3   23.3    1.6   19.3   22.9   15.1 ..    6.0
   4.6   24.4   18.9    0.1    4.3   27.0   16.3   19.3 ..   28.3
   1.4    6.3   19.1    8.6   18.9    2.1    4.6   21.4 ..   25.9
  14.0    8.3   16.7   22.3    9.3   14.9    4.9    1.6 ..    5.0
  18.3   16.3   22.7   21.0    4.7   17.6    4.0   21.4 ..   11.9
   6.9    4.6    7.6    2.1   25.0   17.9    1.9   22.4 ..    8.7
  27.1   21.1   22.9    0.4    6.0    2.4   15.1   16.6 ..   20.3
  16.9   20.6   14.6    0.0    4.0   11.0   17.3   11.3 ..   21.6
    ...  ...  ...
  19.3    8.1   28.0   25.1   20.1   23.3   21.1    2.0 ..    9.4
-----------------------
C[6240x6240]=A*B:
1259416.9 1238533.4 1254542.9 1268392.1 1276300.2 1265888.5 1238455.1 1252715.4 .. 1260659.7
1250554.6 1230093.6 1253336.2 1263799.7 1261518.4 1257502.5 1243711.2 1241102.2 .. 1261211.5
1265570.8 1250345.8 1259823.0 1286064.5 1268575.0 1271061.5 1258036.5 1264882.0 .. 1269665.0
1248291.2 1241759.3 1246650.0 1262895.9 1260675.5 1269786.4 1240172.3 1233657.3 .. 1258512.6
1248895.7 1228493.3 1246085.7 1252216.8 1246163.7 1259618.0 1229309.0 1237525.8 .. 1249458.7
1246950.2 1236530.1 1240157.6 1258422.1 1257530.4 1252535.6 1250283.7 1238496.4 .. 1259142.4
1248220.3 1226427.3 1247608.3 1265619.6 1257684.1 1252991.5 1240390.2 1240975.8 .. 1251035.5
1259862.0 1229463.6 1245102.0 1272328.7 1266803.4 1268083.2 1237442.3 1245535.1 .. 1251597.5
    ...  ...  ...
1248853.6 1226514.9 1238537.4 1255342.6 1256726.4 1257293.0 1236141.3 1232446.4 .. 1243285.0
-----------------------

POP-C++: mainpopc has started with 10 tasks.
Initializing arrays...

Parameters are:
Matrix Size=6240, Blocs (lines=5, columns=2), Workers=10, Cores=4

POP-C++: Starting standard Matrix multiplication program...

Times (init, send and computing) = 8.24, 17.9, 24 sec

...End of matrix multiplication

A[6240x6240]:
   5.3    5.4    0.4   17.9   17.1   28.0    8.4    2.6 ..    5.3
  15.7    1.4   17.4   13.0   16.4    7.1   25.3    3.7 ..   16.3
  25.9   10.0    7.1    1.6    4.3    0.0   27.9   11.1 ..    1.3
   3.9   17.6    8.1   12.0   21.1    4.7   13.9   16.4 ..   17.1
   4.6   26.9   14.6   17.6   24.1   27.4   24.1   24.7 ..   11.7
   6.1   21.6   16.1    7.3    1.6    9.4   27.4   19.4 ..   12.3
   2.7    3.9    0.7   13.4   21.9    3.3    4.0    1.7 ..    1.7
  15.7   15.9    0.1    2.7   27.4   14.0    2.4   25.0 ..   15.1
    ...  ...  ...
  24.1   24.3   22.7   14.3    9.4   10.3   26.3    9.3 ..   26.0
-----------------------
B[6240x6240]:
  22.7   20.0    1.1   25.3   19.7   19.1   12.0    6.7 ..   16.0
  14.3   13.3    9.3    1.7    9.3    5.7   11.7   20.9 ..   26.0
   3.7   12.4   23.4   16.0   13.9    3.7   26.9   21.0 ..    2.6
  25.4   24.3   28.1   26.7    3.6   14.6   19.1   14.0 ..    5.7
  21.3   19.1    4.6   17.6   27.0   15.3    0.9   12.3 ..   17.9
  19.1    5.9   17.4   15.6    5.3    6.9   24.1   22.3 ..   17.0
   4.9    9.3   13.9    3.3   11.0   26.1   26.4   18.6 ..   19.6
  21.4   23.0   14.9   26.0   28.1   23.1   12.3    2.6 ..   18.4
    ...  ...  ...
  22.0   24.0   17.6    6.6   10.3   21.7   22.4   24.0 ..   11.9
-----------------------
C[6240x6240]=A*B:
1262875.0 1259855.8 1257773.6 1256603.6 1263850.4 1242503.0 1264456.5 1272907.2 .. 1273890.8
1254813.6 1249339.4 1236435.6 1229809.8 1263067.6 1234030.1 1254978.9 1267488.7 .. 1263310.5
1275242.3 1257696.6 1255368.5 1260599.3 1276795.7 1254192.6 1270488.9 1275005.3 .. 1270717.7
1266234.8 1259404.7 1256370.8 1267672.6 1272064.9 1247861.3 1261413.1 1277950.0 .. 1278262.0
1263829.8 1265589.5 1256956.3 1257846.3 1280953.0 1251282.8 1268844.8 1268654.6 .. 1268915.8
1258261.1 1267403.5 1254526.4 1256321.7 1267827.7 1233547.0 1265811.6 1281285.0 .. 1262364.1
1261653.3 1264678.6 1258931.9 1253739.1 1273317.2 1248432.2 1263363.0 1261953.0 .. 1271951.4
1260651.8 1266255.7 1248247.8 1259977.8 1274162.3 1249563.6 1265001.4 1269333.7 .. 1274746.7
    ...  ...  ...
1250572.4 1253359.5 1231110.9 1248518.9 1256683.7 1232640.1 1269151.8 1255574.2 .. 1257143.3
-----------------------

POP-C++: mainpopc has started with 10 tasks.
Initializing arrays...

Parameters are:
Matrix Size=6240, Blocs (lines=5, columns=2), Workers=10, Cores=4

POP-C++: Starting standard Matrix multiplication program...

Times (init, send and computing) = 8.95, 17.9, 24 sec

...End of matrix multiplication

A[6240x6240]:
  17.3   17.1   17.9   15.0   20.9    0.3    5.3   14.1 ..   11.1
  22.0    3.0    0.3   18.9    4.9   17.6    5.3    7.4 ..   27.4
   9.7   17.7   20.6    2.4   21.7   20.3   20.6    4.9 ..    7.3
  22.9   18.0    1.9    8.3   22.4   10.3    7.6   21.6 ..   10.1
   2.0   12.1   26.1   18.9   25.6    1.4    3.1    8.9 ..    2.7
   1.4   17.7   20.3   19.3   26.3   24.7   17.1   21.3 ..    1.0
   5.0    6.6   20.7   21.7   22.0    1.0    2.0    6.7 ..    5.1
  11.0   18.4   19.4   14.0    5.3    9.1   23.7    3.1 ..   20.7
    ...  ...  ...
  25.1   12.9    3.4    9.0   21.9   18.7   10.9    8.7 ..    1.4
-----------------------
B[6240x6240]:
  17.3   22.0    9.7   22.9    2.0    1.4    5.0   11.0 ..   25.1
  17.1    3.0   17.7   18.0   12.1   17.7    6.6   18.4 ..   12.9
  17.9    0.3   20.6    1.9   26.1   20.3   20.7   19.4 ..    3.4
  15.0   18.9    2.4    8.3   18.9   19.3   21.7   14.0 ..    9.0
  20.9    4.9   21.7   22.4   25.6   26.3   22.0    5.3 ..   21.9
   0.3   17.6   20.3   10.3    1.4   24.7    1.0    9.1 ..   18.7
   5.3    5.3   20.6    7.6    3.1   17.1    2.0   23.7 ..   10.9
  14.1    7.4    4.9   21.6    8.9   21.3    6.7    3.1 ..    8.7
    ...  ...  ...
  11.1   27.4    7.3   10.1    2.7    1.0    5.1   20.7 ..    1.4
-----------------------
C[6240x6240]=A*B:
1700125.5 1252593.9 1253927.1 1254029.2 1257135.9 1280339.6 1268679.1 1258217.9 .. 1251121.0
1252593.9 1686679.4 1255905.2 1236757.3 1241777.6 1265482.8 1256907.5 1253991.4 .. 1244588.7
1253927.1 1255905.2 1697496.7 1245732.2 1251331.0 1268918.3 1266898.8 1261505.7 .. 1250409.7
1254029.2 1236757.3 1245732.2 1659776.1 1245665.9 1260567.9 1242868.6 1236291.1 .. 1230184.7
1257135.9 1241777.6 1251331.0 1245665.9 1668522.8 1258221.8 1256930.6 1247427.8 .. 1239012.2
1280339.6 1265482.8 1268918.3 1260567.9 1258221.8 1703011.7 1268289.2 1264632.1 .. 1258942.0
1268679.1 1256907.5 1266898.8 1242868.6 1256930.6 1268289.2 1682435.6 1260401.3 .. 1256290.1
1258217.9 1253991.4 1261505.7 1236291.1 1247427.8 1264632.1 1260401.3 1670227.5 .. 1248689.5
    ...  ...  ...
1251121.0 1244588.7 1250409.7 1230184.7 1239012.2 1258942.0 1256290.1 1248689.5 .. 1663919.5
-----------------------

POP-C++: mainpopc has started with 10 tasks.
Initializing arrays...

Parameters are:
Matrix Size=6240, Blocs (lines=5, columns=2), Workers=10, Cores=4

POP-C++: Starting standard Matrix multiplication program...

Times (init, send and computing) = 8.05, 17.9, 24.1 sec

...End of matrix multiplication

A[6240x6240]:
   0.3    9.4   17.3    8.4    3.4    0.9   19.9    4.0 ..   17.6
  20.0    6.3    2.3   23.1   10.1   26.4    4.7    0.9 ..   25.6
  14.9   11.3   17.7    5.0   23.6    7.1   16.0    8.0 ..    8.1
  13.1   11.7    2.7    4.9   13.1   19.7    5.6   13.9 ..   27.0
  14.0    4.0   11.9    3.6   27.6   21.7   28.4    4.1 ..   10.9
  21.7   11.9   12.3   25.7    3.3    6.7   25.3    3.3 ..   18.0
   6.6   15.7   20.6   14.7   17.1   23.6   16.0   10.0 ..    0.7
   2.0   28.1    8.4    2.7   25.1   26.1    3.3    0.4 ..   13.0
    ...  ...  ...
   9.4    9.7   16.4   14.0   11.7    1.9   22.0   26.0 ..   24.6
-----------------------
B[6240x6240]:
  16.7    9.3   12.6    5.3   15.6    4.0   16.3    1.4 ..   22.0
  24.4    8.0    0.3    0.3   27.1   20.0   18.1    8.6 ..    7.6
  10.9    3.0   10.3    0.6    5.9    3.1   11.4   24.3 ..    7.1
   0.1   19.3    2.6   18.9    1.4   23.7    7.9   10.1 ..   18.3
   2.4   17.0    5.3   25.4   18.6    0.4    0.4   19.4 ..    4.1
  17.1    5.1    6.1    1.4   19.4   16.0   11.6   20.7 ..    4.7
   9.3   18.9    2.9   13.9    4.0   12.7   12.3    8.0 ..    0.6
   1.6   15.1   28.3   11.7   15.0   18.0    6.9   25.3 ..   14.4
    ...  ...  ...
   9.0   24.6   18.4    5.9    7.1    6.3   24.4    2.9 ..   18.4
-----------------------
C[6240x6240]=A*B:
1251099.9 1265021.6 1228862.9 1256975.7 1266277.2 1252431.7 1253740.5 1259850.0 .. 1239970.3
1268773.9 1279801.8 1239584.1 1271508.7 1263119.4 1258035.7 1239292.3 1261389.8 .. 1245051.0
1256813.1 1279956.7 1240982.8 1257606.6 1250709.8 1251002.4 1250359.9 1264285.9 .. 1245775.3
1260758.3 1279877.6 1247441.9 1268651.3 1278762.2 1260691.4 1265376.3 1275537.1 .. 1248161.8
1267983.1 1294875.4 1243091.5 1288128.2 1275019.7 1261253.1 1264787.3 1270960.8 .. 1263174.3
1235538.0 1269487.2 1231331.9 1251590.5 1252512.6 1242251.8 1240080.3 1263066.4 .. 1237682.1
1267878.0 1282066.6 1243390.1 1283491.4 1278280.3 1268737.2 1251183.7 1283336.9 .. 1247069.7
1267306.9 1279921.3 1242432.6 1273279.5 1266050.2 1259387.0 1258503.9 1274995.8 .. 1249948.4
    ...  ...  ...
1268420.3 1273307.7 1245565.0 1277843.7 1284631.1 1263688.0 1268060.0 1286542.9 .. 1256754.9
-----------------------

POP-C++: mainpopc has started with 10 tasks.
Initializing arrays...

Parameters are:
Matrix Size=6240, Blocs (lines=5, columns=2), Workers=10, Cores=4

POP-C++: Starting standard Matrix multiplication program...

Times (init, send and computing) = 9.04, 17.9, 24.1 sec

...End of matrix multiplication

A[6240x6240]:
   7.1   22.7   25.7   25.3   13.7   19.3    0.9   28.1 ..   27.7
  26.6    7.4   12.7   12.7    4.3    4.0   21.6    5.0 ..    8.0
  20.9   24.7    1.4   26.1   11.4   17.0   18.3   21.0 ..    5.4
   9.1   15.3   21.6    5.6   11.7   19.4    9.6   28.4 ..   27.4
   8.3   11.9    8.3    5.4    0.0   13.6    0.4    5.9 ..    5.7
   7.3   25.4    5.3    3.0   24.3   24.7    5.6   21.4 ..   12.0
  14.1    0.9   26.1   24.7    8.7   17.3   28.3   14.6 ..    8.9
  21.0    5.7   16.1    3.9   17.4    1.9    7.9   21.7 ..   26.9
    ...  ...  ...
  25.4   19.0    0.0   22.4   17.0   25.7    1.1   20.4 ..   12.1
-----------------------
B[6240x6240]:
   7.1   26.6   20.9    9.1    8.3    7.3   14.1   21.0 ..   25.4
  22.7    7.4   24.7   15.3   11.9   25.4    0.9    5.7 ..   19.0
  25.7   12.7    1.4   21.6    8.3    5.3   26.1   16.1 ..    0.0
  25.3   12.7   26.1    5.6    5.4    3.0   24.7    3.9 ..   22.4
  13.7    4.3   11.4   11.7    0.0   24.3    8.7   17.4 ..   17.0
  19.3    4.0   17.0   19.4   13.6   24.7   17.3    1.9 ..   25.7
   0.9   21.6   18.3    9.6    0.4    5.6   28.3    7.9 ..    1.1
  28.1    5.0   21.0   28.4    5.9   21.4   14.6   21.7 ..   20.4
    ...  ...  ...
  27.7    8.0    5.4   27.4    5.7   12.0    8.9   26.9 ..   12.1
-----------------------
C[6240x6240]=A*B:
1684843.1 1265599.9 1258042.5 1256825.1 1263143.8 1244435.4 1286276.4 1245680.0 .. 1253544.6
1265599.9 1705218.6 1264128.7 1255484.7 1260020.3 1258361.4 1291314.4 1271522.0 .. 1259545.2
1258042.5 1264128.7 1678102.1 1253439.7 1258328.1 1242893.7 1268067.1 1248401.2 .. 1248801.9
1256825.1 1255484.7 1253439.7 1665646.0 1236409.6 1236500.7 1273686.3 1255703.5 .. 1243073.2
1263143.8 1260020.3 1258328.1 1236409.6 1683763.1 1247362.2 1281990.7 1252009.0 .. 1254665.2
1244435.4 1258361.4 1242893.7 1236500.7 1247362.2 1656315.1 1256905.5 1235251.0 .. 1231796.7
1286276.4 1291314.4 1268067.1 1273686.3 1281990.7 1256905.5 1737500.0 1284830.9 .. 1276982.7
1245680.0 1271522.0 1248401.2 1255703.5 1252009.0 1235251.0 1284830.9 1678703.1 .. 1255690.9
    ...  ...  ...
1253544.6 1259545.2 1248801.9 1243073.2 1254665.2 1231796.7 1276982.7 1255690.9 .. 1683215.6
-----------------------

POP-C++: mainpopc has started with 9 tasks.
Initializing arrays...

Parameters are:
Matrix Size=4620, Blocs (lines=3, columns=3), Workers=9, Cores=4

POP-C++: Starting standard Matrix multiplication program...

Times (init, send and computing) = 7.42, 8.37, 10.9 sec

...End of matrix multiplication

A[4620x4620]:
   3.0    6.4   17.7   27.1   19.7   27.0   23.6   25.1 ..   16.3
  15.6   22.1   15.7   13.1   14.4   27.3   19.6   24.3 ..   26.7
  19.1   25.0   19.0   18.3   23.7    8.3    6.0    4.6 ..    3.1
  12.0   10.3    1.3    1.1   25.9   20.7   27.9   11.3 ..   21.7
   1.7   27.9    0.3   17.0    2.0   15.3   20.7   25.0 ..   25.7
   1.0    6.9    0.4   15.6   19.0   10.4   22.4   16.4 ..    8.4
  28.3    8.6    2.3    2.9   27.6   17.3   15.4   17.9 ..   10.7
   6.4   22.1   19.7   20.4   20.7   23.6    2.9   10.3 ..   25.9
    ...  ...  ...
  11.9    2.4   17.1   25.7   22.6   11.4    2.7   14.4 ..   13.9
-----------------------
B[4620x4620]:
   3.0   15.6   19.1   12.0    1.7    1.0   28.3    6.4 ..   11.9
   6.4   22.1   25.0   10.3   27.9    6.9    8.6   22.1 ..    2.4
  17.7   15.7   19.0    1.3    0.3    0.4    2.3   19.7 ..   17.1
  27.1   13.1   18.3    1.1   17.0   15.6    2.9   20.4 ..   25.7
  19.7   14.4   23.7   25.9    2.0   19.0   27.6   20.7 ..   22.6
  27.0   27.3    8.3   20.7   15.3   10.4   17.3   23.6 ..   11.4
  23.6   19.6    6.0   27.9   20.7   22.4   15.4    2.9 ..    2.7
  25.1   24.3    4.6   11.3   25.0   16.4   17.9   10.3 ..   14.4
    ...  ...  ...
  16.3   26.7    3.1   21.7   25.7    8.4   10.7   25.9 ..   13.9
-----------------------
C[4620x4620]=A*B:
1258373.5 941724.2 914988.7 947912.8 930982.1 934345.4 933607.8 942767.3 .. 942149.9
941724.2 1259184.5 923867.3 951290.4 932101.9 946921.2 937478.4 949579.1 .. 934865.1
914988.7 923867.3 1200772.5 923592.5 906873.1 905020.6 913967.0 906617.3 .. 917696.4
947912.8 951290.4 923592.5 1263588.7 931953.9 930779.2 936906.5 953021.3 .. 945762.8
930982.1 932101.9 906873.1 931953.9 1233678.0 924987.5 918070.6 925992.2 .. 925121.5
934345.4 946921.2 905020.6 930779.2 924987.5 1240265.5 931009.0 929505.6 .. 937719.6
933607.8 937478.4 913967.0 936906.5 918070.6 931009.0 1235836.0 929192.6 .. 924384.4
942767.3 949579.1 906617.3 953021.3 925992.2 929505.6 929192.6 1259413.4 .. 934689.9
    ...  ...  ...
942149.9 934865.1 917696.4 945762.8 925121.5 937719.6 924384.4 934689.9 .. 1250286.6
-----------------------

POP-C++: mainpopc has started with 9 tasks.
Initializing arrays...

Parameters are:
Matrix Size=4620, Blocs (lines=3, columns=3), Workers=9, Cores=4

POP-C++: Starting standard Matrix multiplication program...

Times (init, send and computing) = 8.14, 8.38, 10.9 sec

...End of matrix multiplication

A[4620x4620]:
  12.4    0.6    8.3    0.4   26.4    3.6    4.0   13.6 ..   19.4
   1.4    3.0   27.0    4.0    0.9   21.3   11.4    9.6 ..    7.3
   3.0    4.4   10.3   24.9   17.0    8.3   27.9   11.3 ..   25.1
  10.4   12.0    3.3    4.9    2.7   22.4    5.4   13.6 ..   12.1
  18.9   19.4   18.3   21.3    0.1    4.3    3.7   13.7 ..    5.3
  27.1   16.0    2.1   28.1   24.9   24.1   24.9    7.9 ..   12.3
   4.7   22.3   11.1    5.9   13.4   17.7   12.4    2.7 ..   18.4
  18.9    4.3   16.3    9.3   27.4   27.3    5.3   11.7 ..    1.3
    ...  ...  ...
  10.6   27.4    4.7    0.1   13.0   17.1   16.0    4.7 ..   17.0
-----------------------
B[4620x4620]:
  12.4    1.4    3.0   10.4   18.9   27.1    4.7   18.9 ..   10.6
   0.6    3.0    4.4   12.0   19.4   16.0   22.3    4.3 ..   27.4
   8.3   27.0   10.3    3.3   18.3    2.1   11.1   16.3 ..    4.7
   0.4    4.0   24.9    4.9   21.3   28.1    5.9    9.3 ..    0.1
  26.4    0.9   17.0    2.7    0.1   24.9   13.4   27.4 ..   13.0
   3.6   21.3    8.3   22.4    4.3   24.1   17.7   27.3 ..   17.1
   4.0   11.4   27.9    5.4    3.7   24.9   12.4    5.3 ..   16.0
  13.6    9.6   11.3   13.6   13.7    7.9    2.7   11.7 ..    4.7
    ...  ...  ...
  19.4    7.3   25.1   12.1    5.3   12.3   18.4    1.3 ..   17.0
-----------------------
C[4620x4620]=A*B:
1236235.1 918485.1 934804.4 923195.3 929458.7 933618.4 917838.5 932483.7 .. 917583.8
918485.1 1222459.5 936296.3 923866.3 926658.7 922448.3 909378.9 925824.2 .. 926513.8
934804.4 936296.3 1264290.0 948868.6 949191.2 939150.1 947156.7 953644.4 .. 937796.1
923195.3 923866.3 948868.6 1252968.9 937917.9 927244.1 933208.2 950664.7 .. 930706.4
929458.7 926658.7 949191.2 937917.9 1259819.9 934555.3 929068.1 943029.5 .. 934739.4
933618.4 922448.3 939150.1 927244.1 934555.3 1243193.6 931684.3 938570.4 .. 928931.2
917838.5 909378.9 947156.7 933208.2 929068.1 931684.3 1242353.0 932632.2 .. 917676.3
932483.7 925824.2 953644.4 950664.7 943029.5 938570.4 932632.2 1252953.2 .. 942611.6
    ...  ...  ...
917583.8 926513.8 937796.1 930706.4 934739.4 928931.2 917676.3 942611.6 .. 1240609.1
-----------------------

POP-C++: mainpopc has started with 9 tasks.
Initializing arrays...

Parameters are:
Matrix Size=4620, Blocs (lines=3, columns=3), Workers=9, Cores=4

POP-C++: Starting standard Matrix multiplication program...

Times (init, send and computing) = 7.93, 8.36, 10.9 sec

...End of matrix multiplication

A[4620x4620]:
  17.0    4.1   14.1   26.9   20.7   10.7   21.3    6.7 ..   22.1
   2.6   12.4   10.6   26.0    4.7    0.9   23.4   27.7 ..   19.3
  12.4   27.3   11.6   24.7   18.3   25.7   11.9   20.1 ..   17.3
  26.7   13.3   16.1   14.1   13.0   22.7   18.6   25.3 ..    5.7
  10.3   21.0   22.1   11.0    8.0   15.9   26.7    9.6 ..    0.6
  14.0   25.9   25.4   26.4   20.7   10.0    6.1    5.7 ..   20.0
  11.7   16.7    5.1   14.4   21.4   14.9    9.9    6.1 ..    2.7
  14.0    6.3   26.0   12.0   27.9    3.9   28.0   12.3 ..    7.0
    ...  ...  ...
   7.6   18.1    1.7   24.0   16.9   16.1    2.0    6.4 ..   22.6
-----------------------
B[4620x4620]:
  23.0   18.1    5.4   20.4    1.9    0.9   16.1    9.7 ..   20.1
  14.3    9.0    7.0    5.0   19.9   20.3    6.3    8.0 ..   12.4
  18.0   11.9   23.9    2.1   17.6   22.0   24.3   15.3 ..   27.9
  27.3    2.1    5.6   19.0    8.0   12.1   22.3    1.3 ..   26.0
  23.3    8.4    8.9    2.3   14.7    3.3   25.3   13.1 ..   26.1
  15.1    5.6   17.1    9.4    7.0    3.9   23.0   26.9 ..   15.1
   1.1   27.3   14.0    8.9   26.9   10.0    2.3   15.9 ..   21.1
  15.0    9.3   13.1   19.6   16.6   22.6   25.4    4.1 ..   27.9
    ...  ...  ...
  28.4    7.0   15.4   26.1   15.0   28.1    2.3   23.7 ..    8.6
-----------------------
C[4620x4620]=A*B:
937055.8 935236.9 941027.0 925192.2 925680.7 919889.9 930984.1 930075.9 .. 949764.4
929740.3 929307.2 940655.3 940384.9 936086.7 927193.7 938612.8 929509.2 .. 937226.6
921581.6 917385.3 929704.0 919647.5 926666.9 920450.8 927592.3 912775.4 .. 924174.1
950551.8 953796.9 964088.1 950212.1 958541.6 947611.9 957077.2 940716.5 .. 973407.0
943764.2 933244.6 956977.9 941703.0 934769.1 937485.8 946337.9 937767.3 .. 950643.7
937854.2 935773.9 948937.1 938717.8 946076.4 944662.7 942086.6 946685.0 .. 948282.2
943085.2 946423.5 961803.3 952294.9 946110.0 943576.5 944432.2 946749.6 .. 949507.3
945981.8 939047.7 950582.6 932871.6 948608.1 944310.7 945648.9 932532.1 .. 941425.0
    ...  ...  ...
937708.3 917034.8 933196.7 918832.6 925392.0 918070.6 933189.1 926114.7 .. 928952.5
-----------------------

POP-C++: mainpopc has started with 9 tasks.
Initializing arrays...

Parameters are:
Matrix Size=4620, Blocs (lines=3, columns=3), Workers=9, Cores=4

POP-C++: Starting standard Matrix multiplication program...

Times (init, send and computing) = 7.83, 8.38, 11 sec

...End of matrix multiplication

A[4620x4620]:
   4.4    6.7    5.6   25.7   17.0   26.7    8.0   12.0 ..    6.1
   8.3    6.9   20.4   25.1    1.7   20.3   20.7   11.6 ..   10.6
   0.6    1.4    8.6   10.1   25.3    8.3    5.0   16.7 ..   10.9
  12.9    9.7   24.6    6.6   13.6    4.9   16.4   20.4 ..   18.0
  22.6    0.3   27.1    0.1   12.4    6.1    0.0    9.1 ..   27.0
   7.4   10.3    1.0   22.1   23.4   13.7    0.1   20.3 ..   22.1
  10.7   18.4   14.0   11.7   22.6   19.3   27.3   10.7 ..   13.7
   3.7    4.1   21.4   15.3   17.1    6.7   15.3   11.4 ..   21.9
    ...  ...  ...
  15.1   17.9   12.4   11.3   18.1   12.0    5.3    1.1 ..   27.9
-----------------------
B[4620x4620]:
   4.4    8.3    0.6   12.9   22.6    7.4   10.7    3.7 ..   15.1
   6.7    6.9    1.4    9.7    0.3   10.3   18.4    4.1 ..   17.9
   5.6   20.4    8.6   24.6   27.1    1.0   14.0   21.4 ..   12.4
  25.7   25.1   10.1    6.6    0.1   22.1   11.7   15.3 ..   11.3
  17.0    1.7   25.3   13.6   12.4   23.4   22.6   17.1 ..   18.1
  26.7   20.3    8.3    4.9    6.1   13.7   19.3    6.7 ..   12.0
   8.0   20.7    5.0   16.4    0.0    0.1   27.3   15.3 ..    5.3
  12.0   11.6   16.7   20.4    9.1   20.3   10.7   11.4 ..    1.1
    ...  ...  ...
   6.1   10.6   10.9   18.0   27.0   22.1   13.7   21.9 ..   27.9
-----------------------
C[4620x4620]=A*B:
1245132.5 932814.2 946649.0 923064.7 934956.2 933092.3 934507.2 922084.3 .. 925888.2
932814.2 1261677.0 949133.0 932520.4 946991.9 941725.1 935448.7 940014.6 .. 925775.4
946649.0 949133.0 1263807.2 942809.6 954547.0 942569.1 936331.3 936054.5 .. 936151.5
923064.7 932520.4 942809.6 1236114.3 928999.8 934752.6 931418.6 927056.8 .. 920375.8
934956.2 946991.9 954547.0 928999.8 1257779.7 931150.8 938099.5 927044.7 .. 926909.0
933092.3 941725.1 942569.1 934752.6 931150.8 1251182.6 935560.0 930715.3 .. 922752.2
934507.2 935448.7 936331.3 931418.6 938099.5 935560.0 1254002.9 929671.8 .. 921966.3
922084.3 940014.6 936054.5 927056.8 927044.7 930715.3 929671.8 1244839.7 .. 922549.1
    ...  ...  ...
925888.2 925775.4 936151.5 920375.8 926909.0 922752.2 921966.3 922549.1 .. 1225197.4
-----------------------

POP-C++: mainpopc has started with 9 tasks.
Initializing arrays...

Parameters are:
Matrix Size=4620, Blocs (lines=3, columns=3), Workers=9, Cores=4

POP-C++: Starting standard Matrix multiplication program...

Times (init, send and computing) = 8.03, 8.37, 11 sec

...End of matrix multiplication

A[4620x4620]:
  16.6   28.0    9.6    0.9   21.3   16.6   12.1   16.7 ..   11.4
  28.4    6.1    1.6   23.9   21.9   25.7   20.4   23.4 ..   24.6
   8.0   12.0    5.6   16.0   11.4   17.6    4.4   19.6 ..    1.3
  27.1    8.4    3.3    8.7   20.7   18.1   14.4    6.7 ..   17.6
   6.4    2.7    9.1   10.7   10.0   13.1   10.9   15.4 ..   23.6
   1.0   27.6   13.4    2.7   19.0   18.0   14.7   19.7 ..   17.9
  13.9   11.0    0.6   26.0    9.9   16.9   21.7    7.3 ..   20.6
  20.1    7.4   22.0   26.4   26.0   12.0   20.1   19.0 ..   18.9
    ...  ...  ...
  12.7    5.0   12.4    6.7   27.0   15.6    1.1   21.4 ..    4.9
-----------------------
B[4620x4620]:
  16.6   28.4    8.0   27.1    6.4    1.0   13.9   20.1 ..   12.7
  28.0    6.1   12.0    8.4    2.7   27.6   11.0    7.4 ..    5.0
   9.6    1.6    5.6    3.3    9.1   13.4    0.6   22.0 ..   12.4
   0.9   23.9   16.0    8.7   10.7    2.7   26.0   26.4 ..    6.7
  21.3   21.9   11.4   20.7   10.0   19.0    9.9   26.0 ..   27.0
  16.6   25.7   17.6   18.1   13.1   18.0   16.9   12.0 ..   15.6
  12.1   20.4    4.4   14.4   10.9   14.7   21.7   20.1 ..    1.1
  16.7   23.4   19.6    6.7   15.4   19.7    7.3   19.0 ..   21.4
    ...  ...  ...
  11.4   24.6    1.3   17.6   23.6   17.9   20.6   18.9 ..    4.9
-----------------------
C[4620x4620]=A*B:
1234914.9 926712.1 921990.8 924434.2 925261.4 927935.1 936153.4 944826.7 .. 906838.6
926712.1 1237517.9 938899.0 931236.2 918572.9 928784.6 931422.7 943412.1 .. 914498.4
921990.8 938899.0 1253007.1 933237.1 924184.1 927291.9 954516.0 945243.8 .. 916388.2
924434.2 931236.2 933237.1 1247721.9 924240.6 926294.6 939284.4 949886.4 .. 913986.8
925261.4 918572.9 924184.1 924240.6 1239032.4 924402.8 939890.4 947942.4 .. 913108.0
927935.1 928784.6 927291.9 926294.6 924402.8 1243014.6 949394.6 941164.7 .. 910537.5
936153.4 931422.7 954516.0 939284.4 939890.4 949394.6 1267895.4 961450.6 .. 923732.1
944826.7 943412.1 945243.8 949886.4 947942.4 941164.7 961450.6 1277699.4 .. 933536.9
    ...  ...  ...
906838.6 914498.4 916388.2 913986.8 913108.0 910537.5 923732.1 933536.9 .. 1212251.0
-----------------------

POP-C++: mainpopc has started with 6 tasks.
Initializing arrays...

Parameters are:
Matrix Size=3240, Blocs (lines=2, columns=3), Workers=6, Cores=4

POP-C++: Starting standard Matrix multiplication program...

Times (init, send and computing) = 5.9, 3.34, 5.72 sec

...End of matrix multiplication

A[3240x3240]:
   5.7   15.3    5.0   19.4   28.3   12.9    8.4   21.3 ..   24.3
   4.6   22.0   23.3   28.4   21.4    4.4   17.9   21.7 ..   16.7
  13.6   19.7   18.6   12.7   28.4   12.9   18.0   26.6 ..   20.7
  26.7    3.3   16.0   16.7   11.4   28.4   19.0   24.4 ..    5.0
   7.1   28.0   23.0    8.0   24.3   14.6    2.4    0.3 ..   25.4
  28.3   20.9   14.9    8.1   25.3   12.6    9.3   11.6 ..    9.9
   8.4   21.7   21.1   25.0   18.9    0.1   25.4    6.7 ..   12.4
   8.9    3.4   28.0   11.9   24.7    8.1   21.4   14.4 ..    4.3
    ...  ...  ...
  11.7   18.7   14.0    1.1    9.9   19.3   10.7   23.7 ..    1.7
-----------------------
B[3240x3240]:
   5.7    4.6   13.6   26.7    7.1   28.3    8.4    8.9 ..   11.7
  15.3   22.0   19.7    3.3   28.0   20.9   21.7    3.4 ..   18.7
   5.0   23.3   18.6   16.0   23.0   14.9   21.1   28.0 ..   14.0
  19.4   28.4   12.7   16.7    8.0    8.1   25.0   11.9 ..    1.1
  28.3   21.4   28.4   11.4   24.3   25.3   18.9   24.7 ..    9.9
  12.9    4.4   12.9   28.4   14.6   12.6    0.1    8.1 ..   19.3
   8.4   17.9   18.0   19.0    2.4    9.3   25.4   21.4 ..   10.7
  21.3   21.7   26.6   24.4    0.3   11.6    6.7   14.4 ..   23.7
    ...  ...  ...
  24.3   16.7   20.7    5.0   25.4    9.9   12.4    4.3 ..    1.7
-----------------------
C[3240x3240]=A*B:
870524.0 656202.5 660316.2 662554.3 659670.2 662739.5 638278.6 651440.2 .. 647892.9
656202.5 879999.5 668494.3 670001.8 666641.3 665103.0 647294.6 656691.1 .. 649203.5
660316.2 668494.3 898295.1 675215.3 673072.2 668439.0 653875.9 666804.1 .. 654858.4
662554.3 670001.8 675215.3 903039.9 670721.8 667478.9 659951.8 663366.8 .. 663561.9
659670.2 666641.3 673072.2 670721.8 893710.6 668129.6 655510.7 669520.2 .. 654132.2
662739.5 665103.0 668439.0 667478.9 668129.6 887017.5 652732.5 664312.2 .. 649595.5
638278.6 647294.6 653875.9 659951.8 655510.7 652732.5 858904.6 646250.8 .. 640295.8
651440.2 656691.1 666804.1 663366.8 669520.2 664312.2 646250.8 886703.3 .. 652236.2
    ...  ...  ...
647892.9 649203.5 654858.4 663561.9 654132.2 649595.5 640295.8 652236.2 .. 860997.8
-----------------------

POP-C++: mainpopc has started with 6 tasks.
Initializing arrays...

Parameters are:
Matrix Size=3240, Blocs (lines=2, columns=3), Workers=6, Cores=4

POP-C++: Starting standard Matrix multiplication program...

Times (init, send and computing) = 5.64, 3.34, 5.72 sec

...End of matrix multiplication

A[3240x3240]:
  21.9   27.3    1.6   14.6   27.7   27.9    0.9   25.4 ..   19.0
  12.6   14.1    9.0   15.3   21.1   13.1   10.4   15.4 ..   26.9
   0.1   27.4    9.7    9.4   25.3   19.6   15.1   24.3 ..    2.0
   0.4    4.1   20.3    2.7   27.6    8.9   18.3   17.6 ..    1.3
   9.4    1.7    8.3   24.9    9.1    5.4    0.1   12.9 ..   11.4
  12.3    0.6   26.1   23.3   18.7   14.0   18.4    5.7 ..   24.4
  13.4   14.6    5.6   11.4    0.4   22.0   10.7    8.6 ..   18.1
   0.6   16.4   18.6    2.1   22.4    8.1   27.6    6.0 ..    1.9
    ...  ...  ...
   3.3   11.4   11.6   15.0   25.0   23.9   18.3    3.1 ..   27.7
-----------------------
B[3240x3240]:
  21.9   12.6    0.1    0.4    9.4   12.3   13.4    0.6 ..    3.3
  27.3   14.1   27.4    4.1    1.7    0.6   14.6   16.4 ..   11.4
   1.6    9.0    9.7   20.3    8.3   26.1    5.6   18.6 ..   11.6
  14.6   15.3    9.4    2.7   24.9   23.3   11.4    2.1 ..   15.0
  27.7   21.1   25.3   27.6    9.1   18.7    0.4   22.4 ..   25.0
  27.9   13.1   19.6    8.9    5.4   14.0   22.0    8.1 ..   23.9
   0.9   10.4   15.1   18.3    0.1   18.4   10.7   27.6 ..   18.3
  25.4   15.4   24.3   17.6   12.9    5.7    8.6    6.0 ..    3.1
    ...  ...  ...
  19.0   26.9    2.0    1.3   11.4   24.4   18.1    1.9 ..   27.7
-----------------------
C[3240x3240]=A*B:
877425.4 655869.0 644334.7 651724.9 660360.1 645096.9 652442.7 649102.9 .. 654284.7
655869.0 879733.1 644151.1 650955.4 662744.9 644932.9 653842.8 647603.9 .. 655567.5
644334.7 644151.1 859112.7 642357.0 653005.7 643652.3 639121.4 634286.5 .. 646565.2
651724.9 650955.4 642357.0 876383.8 660465.7 642022.2 643571.0 647515.4 .. 655332.5
660360.1 662744.9 653005.7 660465.7 883193.0 644875.6 658099.7 651579.2 .. 656942.9
645096.9 644932.9 643652.3 642022.2 644875.6 853166.7 638054.4 636810.4 .. 642558.1
652442.7 653842.8 639121.4 643571.0 658099.7 638054.4 859387.3 639874.4 .. 651577.7
649102.9 647603.9 634286.5 647515.4 651579.2 636810.4 639874.4 856009.8 .. 641686.5
    ...  ...  ...
654284.7 655567.5 646565.2 655332.5 656942.9 642558.1 651577.7 641686.5 .. 882308.7
-----------------------

POP-C++: mainpopc has started with 6 tasks.
Initializing arrays...

Parameters are:
Matrix Size=3240, Blocs (lines=2, columns=3), Workers=6, Cores=4

POP-C++: Starting standard Matrix multiplication program...

Times (init, send and computing) = 5.33, 3.31, 5.74 sec

...End of matrix multiplication

A[3240x3240]:
   1.9    5.6   19.1    7.3   21.9   22.6    5.1   24.6 ..    0.1
  15.6   16.4   11.4   20.9   10.9   22.7   22.1   28.3 ..    1.9
   7.1   18.7   23.7    2.6   15.0   27.7    9.3   19.4 ..    8.4
  28.0   23.9   24.9   22.1   27.9   14.3   23.4   27.7 ..   12.0
  19.9   17.7   15.9   16.6   17.7   27.9   21.6    1.1 ..    4.9
  25.4   19.0   12.6    7.1   23.1    1.9   18.9   21.6 ..   19.3
   1.4    2.9   10.6   22.9   13.4   18.4   10.9   15.0 ..    0.4
   7.0    6.7    7.0   16.0   27.4   23.0   23.6   13.0 ..   25.6
    ...  ...  ...
   3.7    0.9   19.9    9.1    0.9   27.3    7.0    3.6 ..    5.7
-----------------------
B[3240x3240]:
